360	0.0001299	0.000003917	0.0006061	0.175560232	0.005293837	0.819145931
361	0.000145847	4.39E-06	0.000680879	0.17548257	0.005286339	0.819231091
362	0.000163802	4.93E-06	0.000765146	0.17539986	0.005278636	0.819321504
363	0.000184004	5.53E-06	0.000860012	0.175317351	0.005270973	0.819411676
364	0.00020669	6.21E-06	0.000966593	0.175236569	0.005263498	0.819499933
365	0.0002321	0.000006965	0.001086	0.175161219	0.005256346	0.819582436
366	0.000260728	7.81E-06	0.001220586	0.175087794	0.005246845	0.819665361
367	0.000293075	8.77E-06	0.001372729	0.175014938	0.005235573	0.819749489
368	0.000329388	9.84E-06	0.001543579	0.17494519	0.005226155	0.819828655
369	0.000369914	1.10E-05	0.001734286	0.174880127	0.005220771	0.819899102
370	0.0004149	0.00001239	0.001946	0.174820608	0.005220601	0.819958791
371	0.000464159	1.39E-05	0.002177777	0.174770346	0.005228663	0.820000991
372	0.000518986	1.56E-05	0.002435809	0.174722035	0.005237527	0.820040438
373	0.000581854	1.74E-05	0.002731953	0.174665366	0.005236173	0.820098462
374	0.000655235	1.96E-05	0.003078064	0.174595114	0.005218335	0.820186551
375	0.0007416	0.00002202	0.003486	0.174509721	0.00518164	0.820308639
376	0.00084503	2.48E-05	0.003975227	0.174409316	0.005126771	0.820463914
377	0.000964527	2.80E-05	0.00454088	0.174308487	0.0050676	0.820623914
378	0.001094949	3.15E-05	0.00515832	0.174221773	0.005017025	0.820761202
379	0.001231154	3.52E-05	0.005802907	0.174155595	0.004981444	0.820862962
380	0.001368	0.000039	0.006450001	0.174112234	0.004963726	0.82092404
381	0.00150205	4.28E-05	0.007083216	0.174088307	0.0049636	0.820948093
382	0.001642328	4.69E-05	0.007745488	0.174072591	0.004972543	0.820954866
383	0.001802382	5.16E-05	0.008501152	0.174057024	0.004982036	0.82096094
384	0.001995757	5.72E-05	0.009414544	0.174036271	0.004985961	0.820977768
385	0.002236	0.000064	0.01054999	0.174007918	0.004980549	0.821011534
386	0.002535385	7.23E-05	0.0119658	0.17397193	0.004964082	0.821063988
387	0.002892603	8.22E-05	0.01365587	0.173931679	0.004943404	0.821124917
388	0.003300829	9.35E-05	0.01558805	0.173889035	0.004926051	0.821184914
389	0.003753236	0.000106136	0.01773015	0.173845257	0.004916088	0.821238655
390	0.004243	0.00012	0.02005001	0.173800773	0.004915412	0.821283815
391	0.004762389	0.000134984	0.02251136	0.173754438	0.004924854	0.821320708
392	0.005330048	0.000151492	0.02520288	0.173705353	0.004937098	0.821357549
393	0.005978712	0.000170208	0.02827972	0.173655189	0.004943791	0.82140102
394	0.006741117	0.000191816	0.03189704	0.173606018	0.004939895	0.821454087
395	0.00765	0.000217	0.03621	0.173559907	0.004923203	0.821516891
396	0.008751373	0.000246907	0.04143771	0.173514449	0.004895453	0.821590099
397	0.01002888	0.00028124	0.04750372	0.173468498	0.004864579	0.821666923
398	0.0114217	0.00031852	0.05411988	0.173423666	0.004836312	0.821740022
399	0.01286901	0.000357267	0.06099803	0.173379995	0.004813342	0.821806662
400	0.01431	0.000396	0.06785001	0.173336865	0.004796743	0.821866391
401	0.01570443	0.000433715	0.07448632	0.173291285	0.004785849	0.821922866
402	0.01714744	0.000473024	0.08136156	0.17323792	0.004778888	0.821983192
403	0.01878122	0.000517876	0.08915364	0.173174239	0.004775131	0.82205063
404	0.02074801	0.000572219	0.09854048	0.173101012	0.004774033	0.822124955
405	0.02319	0.00064	0.1102	0.173020965	0.00477505	0.822203984
406	0.02620736	0.00072456	0.1246133	0.172934257	0.004781147	0.822284596
407	0.02978248	0.0008255	0.1417017	0.172842756	0.004790793	0.822366451
408	0.03388092	0.00094116	0.1613035	0.172751153	0.004798762	0.822450085
409	0.03846824	0.00106988	0.1832568	0.172662106	0.004802084	0.82253581
410	0.04351	0.00121	0.2074	0.172576551	0.004799302	0.822624147
411	0.0489956	0.001362091	0.2336921	0.172489477	0.004795254	0.822715268
412	0.0550226	0.001530752	0.2626114	0.172395603	0.004796119	0.822808278
413	0.0617188	0.001720368	0.2947746	0.172296002	0.004802629	0.822901369
414	0.069212	0.001935323	0.3307985	0.17219236	0.004814885	0.822992754
415	0.07763	0.00218	0.3713	0.172086631	0.004832524	0.823080845
416	0.08695811	0.0024548	0.4162091	0.171982446	0.00485501	0.823162544
417	0.09717672	0.002764	0.4654642	0.171871019	0.004888532	0.823240449
418	0.1084063	0.0031178	0.5196948	0.171741214	0.004939332	0.823319454
419	0.1207672	0.0035264	0.5795303	0.171587239	0.005010344	0.823402416
420	0.13438	0.004	0.6456	0.171407434	0.005102171	0.823490395
421	0.1493582	0.00454624	0.7184838	0.171206113	0.005211258	0.823582629
422	0.1653957	0.00515932	0.7967133	0.170992574	0.005333908	0.823673518
423	0.1819831	0.00582928	0.8778459	0.170770596	0.005470121	0.823759282
424	0.198611	0.00654616	0.959439	0.170540662	0.00562097	0.823838368
425	0.21477	0.0073	1.0390501	0.170300989	0.005788505	0.823910506
426	0.2301868	0.008086507	1.1153673	0.170050159	0.005973895	0.823975946
427	0.2448797	0.00890872	1.1884971	0.169785869	0.006176807	0.824037324
428	0.2587773	0.00976768	1.2581233	0.169504603	0.006398037	0.824097361
429	0.2718079	0.01066443	1.3239296	0.169202922	0.006638706	0.824158372
430	0.2839	0.0116	1.3856	0.168877521	0.006900244	0.824222235
431	0.2949438	0.01257317	1.4426352	0.16852466	0.007184044	0.824291296
432	0.3048965	0.01358272	1.4948035	0.168146145	0.00749068	0.824363175
433	0.3137873	0.01462968	1.5421903	0.16774622	0.007820818	0.824432962
434	0.3216454	0.01571509	1.5848807	0.167328326	0.0081754	0.824496275
435	0.3285	0.01684	1.62296	0.16689529	0.008555606	0.824549103
436	0.3343513	0.01800736	1.6564048	0.166446327	0.0089644	0.824589272
437	0.3392101	0.01921448	1.6852959	0.165976758	0.009401716	0.824621526
438	0.3431213	0.02045392	1.7098745	0.165483299	0.009864681	0.82465202
439	0.3461296	0.02171824	1.7303821	0.164962664	0.010350744	0.824686593
440	0.34828	0.023	1.74706	0.164411756	0.010857558	0.824730685
441	0.3495999	0.02429461	1.7600446	0.163828433	0.011384866	0.824786702
442	0.3501474	0.02561024	1.7696233	0.163209896	0.011937386	0.824852718
443	0.350013	0.02695857	1.7762637	0.16255214	0.01252003	0.824927831
444	0.349287	0.02835125	1.7804334	0.161851438	0.013137307	0.825011255
445	0.34806	0.0298	1.7826	0.16110458	0.013793359	0.825102062
446	0.3463733	0.03131083	1.7829682	0.160309595	0.014491378	0.825199027
447	0.3442624	0.03288368	1.7816998	0.159465946	0.015232065	0.82530199
448	0.3418088	0.03452112	1.7791982	0.158573111	0.016015156	0.825411733
449	0.3390941	0.03622571	1.7758671	0.157631166	0.016839871	0.825528963
450	0.3362	0.038	1.77211	0.156640933	0.017704805	0.825654262
451	0.3331977	0.03984667	1.7682589	0.155605096	0.018608607	0.825786298
452	0.3300411	0.041768	1.764039	0.154524612	0.019555698	0.82591969
453	0.3266357	0.043766	1.7589438	0.153397229	0.020553734	0.826049037
454	0.3228868	0.04584267	1.7524663	0.152219236	0.021611711	0.826169053
455	0.3187	0.048	1.7441	0.150985408	0.022740193	0.826274398
456	0.3140251	0.05024368	1.7335595	0.149690565	0.02395033	0.826359105
457	0.308884	0.05257304	1.7208581	0.148336817	0.025247398	0.826415785
458	0.3032904	0.05498056	1.7059369	0.146928227	0.026635186	0.826436588
459	0.2972579	0.05745872	1.6887372	0.145468372	0.028118433	0.826413195
460	0.2908	0.06	1.6692	0.143960396	0.02970297	0.826336634
461	0.2839701	0.06260197	1.6475287	0.14240509	0.031393584	0.826201326
462	0.2767214	0.06527752	1.6234127	0.140795647	0.033213155	0.825991199
463	0.2689178	0.06804208	1.5960223	0.139120682	0.035200573	0.825678745
464	0.2604227	0.07091109	1.564528	0.137363758	0.03740309	0.825233152
465	0.2511	0.0739	1.5281	0.135502671	0.039879121	0.824618207
466	0.2408475	0.077016	1.4861114	0.133509341	0.04269239	0.823798269
467	0.2298512	0.0802664	1.4395215	0.131370635	0.045875975	0.82275339
468	0.2184072	0.0836668	1.3898799	0.129085787	0.049449811	0.821464403
469	0.2068115	0.0872328	1.3387362	0.126662157	0.05342592	0.819911923
470	0.19536	0.09098	1.28764	0.124118477	0.057802513	0.81807901
471	0.1842136	0.09491755	1.2374223	0.121468584	0.062587672	0.815943744
472	0.1733273	0.09904584	1.1878243	0.118701276	0.067830444	0.81346828
473	0.1626881	0.1033674	1.1387611	0.115807359	0.073580708	0.810611933
474	0.1522833	0.1078846	1.090148	0.112776055	0.079895823	0.807328122
475	0.1421	0.1126	1.0419	0.109594324	0.086842511	0.803563165
476	0.1321786	0.117532	0.9941976	0.106260735	0.094486072	0.799253192
477	0.1225696	0.1226744	0.9473473	0.102775863	0.102863739	0.794360398
478	0.1132752	0.1279928	0.9014531	0.0991276	0.112007033	0.788865367
479	0.1042979	0.1334528	0.8566193	0.095304056	0.121944863	0.782751081
480	0.09564	0.13902	0.8129501	0.091293507	0.132702042	0.776004451
481	0.08729955	0.1446764	0.7705173	0.087082432	0.144316583	0.768600986
482	0.07930804	0.1504693	0.7294448	0.082679534	0.156865958	0.760454507
483	0.07171776	0.1564619	0.6899136	0.078115986	0.170420486	0.751463528
484	0.06458099	0.1627177	0.6521049	0.07343726	0.185031881	0.74153086
485	0.05795001	0.1693	0.6162	0.068705921	0.200723218	0.730570861
486	0.05186211	0.1762431	0.5823286	0.063993024	0.217467605	0.718539371
487	0.04628152	0.1835581	0.5504162	0.059315828	0.23525374	0.705430432
488	0.04115088	0.1912735	0.5203376	0.054666523	0.254095591	0.691237886
489	0.03641283	0.199418	0.4919673	0.050031497	0.274001803	0.6759667
490	0.03201	0.20802	0.46518	0.045390735	0.294975965	0.659633301
491	0.0279172	0.2171199	0.4399246	0.040757315	0.316981081	0.642261604
492	0.0241444	0.2267345	0.4161836	0.036195109	0.339899934	0.623904956
493	0.020687	0.2368571	0.3938822	0.03175647	0.363597693	0.604645836
494	0.0175404	0.2474812	0.3729459	0.027494191	0.387921328	0.584584481
495	0.0147	0.2586	0.3533	0.023459943	0.412703479	0.563836578
496	0.01216179	0.2701849	0.3348578	0.019704636	0.437755889	0.542539475
497	0.00991996	0.2822939	0.3175521	0.016268471	0.462954508	0.520777021
498	0.00796724	0.2950505	0.3013375	0.013183041	0.488207068	0.49860989
499	0.006296346	0.308578	0.2861686	0.010475701	0.513404245	0.476120054
500	0.0049	0.323	0.272	0.008168028	0.538423071	0.453408901
501	0.003777173	0.3384021	0.2588171	0.006284852	0.563068456	0.430646692
502	0.00294532	0.3546858	0.2464838	0.00487543	0.587116438	0.408008132
503	0.00242488	0.3716986	0.2347718	0.003982425	0.610447498	0.385570077
504	0.002236293	0.3892875	0.2234533	0.003636384	0.633011383	0.363352233
505	0.0024	0.4073	0.2123	0.003858521	0.654823151	0.341318328
506	0.00292552	0.4256299	0.2011692	0.004645713	0.675898459	0.319455828
507	0.00383656	0.4443096	0.1901196	0.006010913	0.696120061	0.297869026
508	0.00517484	0.4633944	0.1792254	0.007988396	0.715341516	0.276670088
509	0.00698208	0.4829395	0.1685608	0.010603291	0.733412943	0.255983767
510	0.0093	0.503	0.1582	0.013870246	0.750186428	0.235943326
511	0.01214949	0.5235693	0.1481383	0.017766124	0.765612154	0.216621721
512	0.01553588	0.544512	0.1383758	0.022244206	0.779629923	0.198125871
513	0.01947752	0.56569	0.1289942	0.027273262	0.792103503	0.180623235
514	0.02399277	0.5869653	0.1200751	0.032820358	0.802925673	0.164253969
515	0.0291	0.6082	0.1117	0.038851802	0.812016021	0.149132176
516	0.03481485	0.6293456	0.1039048	0.045327985	0.8193908	0.135281215
517	0.04112016	0.6503068	0.09666748	0.052176691	0.825163543	0.122659767
518	0.04798504	0.6708752	0.08998272	0.059325533	0.829425776	0.11124869
519	0.05537861	0.6908424	0.08384531	0.066715886	0.832273739	0.101010375
520	0.06327	0.71	0.07824999	0.074302425	0.833803091	0.091894484
521	0.07163501	0.7281852	0.07320899	0.082053395	0.834090315	0.08385629
522	0.08046224	0.7454636	0.06867816	0.08994174	0.833288919	0.076769342
523	0.08973996	0.7619694	0.06456784	0.09793975	0.831592666	0.070467583
524	0.09945645	0.7778368	0.06078835	0.106021107	0.829178187	0.064800706
525	0.1096	0.7932	0.05725001	0.11416072	0.82620696	0.059632321
526	0.1201674	0.8081104	0.05390435	0.122347367	0.8227704	0.054882233
527	0.1311145	0.8224962	0.05074664	0.130545668	0.818927853	0.050526479
528	0.1423679	0.8363068	0.04775276	0.138702349	0.814774383	0.046523268
529	0.1538542	0.8494916	0.04489859	0.146773216	0.810394607	0.042832178
530	0.1655	0.862	0.04216	0.154722061	0.805863545	0.039414393
531	0.1772571	0.8738108	0.03950728	0.162535425	0.80123848	0.036226095
532	0.18914	0.8849624	0.03693564	0.170237195	0.796518542	0.033244262
533	0.2011694	0.8954936	0.03445836	0.177849528	0.791686579	0.030463893
534	0.2133658	0.9054432	0.03208872	0.185390757	0.786727773	0.02788147
535	0.2257499	0.9148501	0.02984	0.192876098	0.781629216	0.025494686
536	0.2383209	0.9237348	0.02771181	0.200308798	0.776399416	0.023291786
537	0.2510668	0.9320924	0.02569444	0.20768999	0.771054799	0.021255212
538	0.2639922	0.9399226	0.02378716	0.21502955	0.765595096	0.019375354
539	0.2771017	0.9472252	0.02198925	0.222336604	0.76002	0.017643397
540	0.2904	0.954	0.0203	0.229619673	0.75432909	0.016051237
541	0.3038912	0.9602561	0.01871805	0.236884721	0.748524465	0.014590814
542	0.3175726	0.9660074	0.01724036	0.244132556	0.742613992	0.013253452
543	0.3314384	0.9712606	0.01586364	0.251363409	0.736605581	0.01203101
544	0.3454828	0.9760225	0.01458461	0.258577508	0.730506602	0.01091589
545	0.3597	0.9803	0.0134	0.265775085	0.724323925	0.00990099
546	0.3740839	0.9840924	0.01230723	0.272957604	0.718062186	0.00898021
547	0.3886396	0.9874182	0.01130188	0.280128942	0.711724735	0.008146323
548	0.4033784	0.9903128	0.01037792	0.287292409	0.705316274	0.007391317
549	0.4183115	0.9928116	0.009529306	0.294450281	0.698842022	0.006707697
550	0.4334499	0.9949501	0.008749999	0.301603799	0.692307762	0.006088438
551	0.4487953	0.9967108	0.0080352	0.308759923	0.685712061	0.005528016
552	0.464336	0.9980983	0.0073816	0.315914394	0.67906348	0.005022126
553	0.480064	0.999112	0.0067854	0.323066265	0.672367398	0.004566337
554	0.4959713	0.9997482	0.0062428	0.330215545	0.665628025	0.004156429
555	0.5120501	1	0.005749999	0.337363333	0.65884829	0.003788377
556	0.5282959	0.9998567	0.0053036	0.344513198	0.652028209	0.003458592
557	0.5446916	0.9993046	0.0048998	0.351664411	0.645172174	0.003163414
558	0.5612094	0.9983255	0.0045342	0.358813687	0.638287337	0.002898977
559	0.5778215	0.9968987	0.0042024	0.365959357	0.631379081	0.002661562
560	0.5945	0.995	0.0039	0.373101544	0.62445086	0.002447596
561	0.6112209	0.9926005	0.0036232	0.380243835	0.617502152	0.002254012
562	0.6279758	0.9897426	0.0033706	0.387378978	0.610541802	0.00207922
563	0.6447602	0.9864444	0.0031414	0.394506549	0.603571337	0.001922114
564	0.6615697	0.9827241	0.0029348	0.401625919	0.596592422	0.001781659
565	0.6784	0.9786	0.002749999	0.408736256	0.589606869	0.001656875
566	0.6952392	0.9740837	0.0025852	0.415835775	0.582617968	0.001546257
567	0.7120586	0.9691712	0.0024386	0.422920927	0.575630688	0.001448385
568	0.7288284	0.9638568	0.0023094	0.429988627	0.568648891	0.001362482
569	0.7455188	0.9581349	0.0021968	0.437036423	0.561675774	0.001287803
570	0.7621	0.952	0.0021	0.444062464	0.554713903	0.001223634
571	0.7785432	0.9454504	0.002017733	0.451064941	0.547766044	0.001169015
572	0.7948256	0.9384992	0.0019482	0.458040666	0.540836629	0.001122705
573	0.8109264	0.9311628	0.0018898	0.464986333	0.533930053	0.001083614
574	0.8268248	0.9234576	0.001840933	0.471898744	0.527050569	0.001050687
575	0.8425	0.9154	0.0018	0.478774791	0.520202307	0.001022902
576	0.8579325	0.9070064	0.001766267	0.485611587	0.513388661	0.000999752
577	0.8730816	0.8982772	0.0017378	0.492404982	0.506614924	0.000980093
578	0.8878944	0.8892048	0.0017112	0.499150668	0.49988734	0.000961991
579	0.9023181	0.8797816	0.001683067	0.505845284	0.493211178	0.000943538
580	0.9163	0.87	0.001650001	0.512486367	0.486590788	0.000922845
581	0.9297995	0.8598613	0.001610133	0.51907251	0.480028612	0.000898877
582	0.9427984	0.849392	0.0015644	0.525600489	0.473527374	0.000872137
583	0.9552776	0.838622	0.0015136	0.532065599	0.467091364	0.000843037
584	0.9672179	0.8275813	0.001458533	0.538462762	0.460725254	0.000811984
585	0.9786	0.8163	0.0014	0.544786506	0.454434115	0.00077938
586	0.9893856	0.8047947	0.001336667	0.55103105	0.448224503	0.000744447
587	0.9995488	0.793082	0.00127	0.557192906	0.442099139	0.000707954
588	1.0090892	0.781192	0.001205	0.563269312	0.436058062	0.000672626
589	1.0180064	0.7691547	0.001146667	0.569256824	0.430101974	0.000641202
590	1.0263	0.757	0.0011	0.575151311	0.424232235	0.000616454
591	1.0339827	0.7447541	0.0010688	0.580952605	0.41844688	0.000600515
592	1.040986	0.7324224	0.0010494	0.586650187	0.412758421	0.000591392
593	1.047188	0.7200036	0.0010356	0.5922248	0.407189529	0.000585671
594	1.0524667	0.7074965	0.0010212	0.597658162	0.401761935	0.000579903
595	1.0567	0.6949	0.001	0.602932786	0.396496634	0.000570581
596	1.0597944	0.6822192	0.00096864	0.608035111	0.391409152	0.000555737
597	1.0617992	0.6694716	0.00092992	0.612977	0.386486157	0.000536843
598	1.0628068	0.6566744	0.00088688	0.617778726	0.381705757	0.000515518
599	1.0629096	0.6438448	0.00084256	0.622459295	0.377047286	0.000493419
600	1.0622	0.631	0.0008	0.6270366	0.372491145	0.000472255
601	1.0607352	0.6181555	0.00076096	0.631520943	0.368026011	0.000453046
602	1.0584436	0.6053144	0.00072368	0.63589982	0.363665402	0.000434778
603	1.0552244	0.5924756	0.00068592	0.64015616	0.359427724	0.000416116
604	1.0509768	0.5796379	0.00064544	0.644272961	0.35533137	0.00039567
605	1.0456	0.5668	0.0006	0.648233106	0.351394916	0.000371978
606	1.0390369	0.5539611	0.000547867	0.652028236	0.347627961	0.000343804
607	1.0313608	0.5411372	0.0004916	0.655669179	0.344018295	0.000312526
608	1.0226662	0.5283528	0.0004354	0.659166135	0.340553225	0.00028064
609	1.0130477	0.5156323	0.000383467	0.662528222	0.337220993	0.000250786
610	1.0026	0.503	0.00034	0.665763576	0.334010651	0.000225773
611	0.9913675	0.4904688	0.000307253	0.668874144	0.330918553	0.000207303
612	0.9793314	0.4780304	0.00028316	0.671858667	0.327947074	0.000194259
613	0.9664916	0.4656776	0.00026544	0.674719511	0.325095182	0.000185307
614	0.9528479	0.4534032	0.000251813	0.677458888	0.322362077	0.000179035
615	0.9384	0.4412	0.00024	0.68007885	0.319747217	0.000173933
616	0.923194	0.42908	0.000229547	0.682581574	0.317248706	0.00016972
617	0.907244	0.417036	0.00022064	0.684970601	0.314862815	0.000166584
618	0.890502	0.405032	0.00021196	0.687250455	0.312585964	0.000163581
619	0.87292	0.393032	0.000202187	0.689426303	0.310414011	0.000159686
620	0.8544499	0.381	0.00019	0.691503973	0.308342261	0.000153766
621	0.835084	0.3689184	0.000174213	0.693489635	0.306365691	0.000144674
622	0.814946	0.3568272	0.00015564	0.695388638	0.304478555	0.000132807
623	0.794186	0.3447768	0.00013596	0.69720557	0.302675073	0.000119358
624	0.772954	0.3328176	0.000116853	0.698943911	0.300950425	0.000105664
625	0.7514	0.321	0.0001	0.700606061	0.299300699	9.32E-05
626	0.7295836	0.3093381	8.61E-05	0.702192589	0.297724512	8.29E-05
627	0.7075888	0.2978504	0.0000746	0.703708691	0.296217118	7.42E-05
628	0.6856022	0.2865936	0.000065	0.705162853	0.294770292	6.69E-05
629	0.6638104	0.2756245	5.69E-05	0.706563247	0.293376153	6.06E-05
630	0.6424	0.265	5.00E-05	0.707917792	0.292027109	5.51E-05
631	0.6215149	0.2547632	0.00004416	0.709230985	0.290718622	5.04E-05
632	0.6011138	0.2448896	0.00003948	0.710500394	0.289452941	4.67E-05
633	0.5811052	0.2353344	0.00003572	0.711724146	0.288232105	4.37E-05
634	0.5613977	0.2260528	0.00003264	0.712901231	0.28705732	4.14E-05
635	0.5419	0.217	0.00003	0.714031597	0.285928874	3.95E-05
636	0.5225995	0.2081616	2.77E-05	0.715117054	0.284845106	3.78E-05
637	0.5035464	0.1995488	0.00002556	0.716159199	0.283804449	3.64E-05
638	0.4847436	0.1911552	0.00002364	0.717158614	0.282806412	3.50E-05
639	0.4661939	0.1829744	2.18E-05	0.718116143	0.281850257	3.36E-05
640	0.4479	0.175	0.00002	0.719032942	0.280934952	3.21E-05
641	0.4298613	0.1672235	1.81E-05	0.719911553	0.280058078	3.04E-05
642	0.412098	0.1596464	0.0000162	0.720752707	0.27921896	2.83E-05
643	0.394644	0.1522776	0.0000142	0.721554522	0.278419515	2.60E-05
644	0.3775333	0.1451259	1.21E-05	0.722314916	0.27766187	2.32E-05
645	0.3608	0.1382	0.00001	0.723031603	0.276948358	2.00E-05
646	0.3444563	0.1315003	7.73E-06	0.723701916	0.276281836	1.62E-05
647	0.3285168	0.1250248	0.0000054	0.724328019	0.275660075	1.19E-05
648	0.3130192	0.1187792	0.0000032	0.724914405	0.275078184	7.41E-06
649	0.2980011	0.1127691	1.33E-06	0.725466776	0.274529978	3.25E-06
650	0.2835	0.107	0	0.725992318	0.274007682	0
651	0.2695448	0.1014762	0	0.726494727	0.273505273	0
652	0.2561184	0.09618864	0	0.72697497	0.27302503	0
653	0.2431896	0.09112296	0	0.727431838	0.272568162	0
654	0.2307272	0.08626485	0	0.727864311	0.272135689	0
655	0.2187	0.0816	0	0.728271728	0.271728272	0
656	0.2070971	0.07712064	0	0.728656487	0.271343513	0
657	0.1959232	0.07282552	0	0.72902003	0.27097997	0
658	0.1851708	0.06871008	0	0.729360951	0.270639049	0
659	0.1748323	0.06476976	0	0.729677783	0.270322217	0
660	0.1649	0.061	0	0.729969013	0.270030987	0
661	0.1553667	0.05739621	0	0.730233949	0.269766051	0
662	0.14623	0.05395504	0	0.730474165	0.269525835	0
663	0.13749	0.05067376	0	0.730693307	0.269306693	0
664	0.1291467	0.04754965	0	0.730896252	0.269103748	0
665	0.1212	0.04458	0	0.731089396	0.268910604	0
666	0.1136397	0.04175872	0	0.731279636	0.268720364	0
667	0.106465	0.03908496	0	0.731467051	0.268532949	0
668	0.09969044	0.03656384	0	0.731649971	0.268350029	0
669	0.09333061	0.03420048	0	0.731826333	0.268173667	0
670	0.0874	0.032	0	0.7319933	0.2680067	0
671	0.08190096	0.02996261	0	0.732150422	0.267849578	0
672	0.07680428	0.02807664	0	0.732299831	0.267700169	0
673	0.07207712	0.02632936	0	0.732442823	0.267557177	0
674	0.06768664	0.02470805	0	0.732581494	0.267418506	0
675	0.0636	0.0232	0	0.732718894	0.267281106	0
676	0.05980685	0.02180077	0	0.732858647	0.267141353	0
677	0.05628216	0.02050112	0	0.733000205	0.266999795	0
678	0.05297104	0.01928108	0	0.733141671	0.266858329	0
679	0.04981861	0.01812069	0	0.733281179	0.266718821	0
680	0.04677	0.017	0	0.733416967	0.266583033	0
681	0.04378405	0.01590379	0	0.733550586	0.266449414	0
682	0.04087536	0.01483718	0	0.733683296	0.266316704	0
683	0.03807264	0.01381068	0	0.733812717	0.266187283	0
684	0.03540461	0.01283478	0	0.73393569	0.26606431	0
685	0.0329	0.01192	0	0.7340473	0.2659527	0
686	0.03056419	0.01106831	0	0.734142557	0.265857443	0
687	0.02838056	0.01027339	0	0.73422147	0.26577853	0
688	0.02634484	0.009533311	0	0.734286446	0.265713554	0
689	0.02445275	0.008846157	0	0.73434092	0.26565908	0
690	0.0227	0.00821	0	0.734390165	0.265609835	0
691	0.02108429	0.007623781	0	0.734437713	0.265562287	0
692	0.01959988	0.007085424	0	0.73448217	0.26551783	0
693	0.01823732	0.006591476	0	0.734522931	0.265477069	0
694	0.01698717	0.006138485	0	0.734559518	0.265440482	0
695	0.01584	0.005723	0	0.734591662	0.265408338	0
696	0.01479064	0.005343059	0	0.734621095	0.265378905	0
697	0.01383132	0.004995796	0	0.734648897	0.265351103	0
698	0.01294868	0.004676404	0	0.734673378	0.265326622	0
699	0.0121292	0.004380075	0	0.734690045	0.265309955	0
700	0.01135916	0.004102	0	0.734690023	0.265309977	0
701	0.01062935	0.003838453	0	0.734689987	0.265310013	0
702	0.009938846	0.003589099	0	0.734690007	0.265309993	0
703	0.009288422	0.003354219	0	0.734690007	0.265309993	0
704	0.008678854	0.003134093	0	0.734689997	0.265310003	0
705	0.008110916	0.002929	0	0.73469001	0.26530999	0
706	0.007582388	0.002738139	0	0.734690002	0.265309998	0
707	0.007088746	0.002559876	0	0.73468999	0.26531001	0
708	0.006627313	0.002393244	0	0.734689998	0.265310002	0
709	0.006195408	0.002237275	0	0.734690015	0.265309985	0
710	0.005790346	0.002091	0	0.734689988	0.265310012	0
711	0.005409826	0.001953587	0	0.734690014	0.265309986	0
712	0.005052583	0.00182458	0	0.734690017	0.265309983	0
713	0.004717512	0.00170358	0	0.734689987	0.265310013	0
714	0.004403507	0.001590187	0	0.734689993	0.265310007	0
715	0.004109457	0.001484	0	0.734690014	0.265309986	0
716	0.003833913	0.001384496	0	0.734690018	0.265309982	0
717	0.003575748	0.001291268	0	0.734690003	0.265309997	0
718	0.003334342	0.001204092	0	0.734689983	0.265310017	0
719	0.003109075	0.001122744	0	0.734689976	0.265310024	0
720	0.002899327	0.001047	0	0.734690004	0.265309996	0
721	0.002704348	0.00097659	0	0.734689908	0.265310092	0
722	0.00252302	0.000911109	0	0.734689932	0.265310068	0
723	0.002354168	0.000850133	0	0.734690031	0.265309969	0
724	0.002196616	0.000793238	0	0.734690055	0.265309945	0
725	0.00204919	0.00074	0	0.73469	0.26531	0
726	0.00191096	0.000690083	0	0.734689892	0.265310108	0
727	0.001781438	0.00064331	0	0.734689955	0.265310045	0
728	0.00166011	0.000599496	0	0.73469003	0.26530997	0
729	0.001546459	0.000558455	0	0.734689873	0.265310127	0
730	0.001439971	0.00052	0	0.734689952	0.265310048	0
731	0.001340042	0.000483914	0	0.734689872	0.265310128	0
732	0.001246275	0.000450053	0	0.734689871	0.265310129	0
733	0.001158471	0.000418345	0	0.734690034	0.265309966	0
734	0.00107643	0.000388718	0	0.734690284	0.265309716	0
735	0.000999949	0.0003611	0	0.734689934	0.265310066	0
736	0.000928736	0.000335384	0	0.734689745	0.265310255	0
737	0.000862433	0.00031144	0	0.734690209	0.265309791	0
738	0.00080075	0.000289166	0	0.734689646	0.265310354	0
739	0.000743396	0.000268454	0	0.734689924	0.265310076	0
740	0.000690079	0.0002492	0	0.734690119	0.265309881	0
741	0.000640516	0.000231302	0	0.734690039	0.265309961	0
742	0.000594502	0.000214686	0	0.73468959	0.26531041	0
743	0.000551865	0.000199288	0	0.734690536	0.265309464	0
744	0.000512429	0.000185048	0	0.734689459	0.265310541	0
745	0.000476021	0.0001719	0	0.734689877	0.265310123	0
746	0.000442454	0.000159778	0	0.734690285	0.265309715	0
747	0.000411512	0.000148604	0	0.734690671	0.265309329	0
748	0.000382981	0.000138302	0	0.734689219	0.265310781	0
749	0.000356649	0.000128793	0	0.734689211	0.265310789	0
750	0.000332301	0.00012	0	0.734689952	0.265310048	0
751	0.000309759	0.00011186	0	0.734689376	0.265310624	0
752	0.000288887	0.000104322	0	0.734690712	0.265309288	0
753	0.000269539	9.73E-05	0	0.734689728	0.265310272	0
754	0.000251568	9.08E-05	0	0.734689801	0.265310199	0
755	0.000234826	0.0000848	0	0.734689919	0.265310081	0
756	0.000219171	7.91E-05	0	0.734689896	0.265310104	0
757	0.000204526	0.000073858	0	0.734690212	0.265309788	0
758	0.000190841	0.000068916	0	0.734690499	0.265309501	0
759	0.000178065	6.43E-05	0	0.734689482	0.265310518	0
760	0.000166151	0.00006	0	0.734690539	0.265309461	0
761	0.000155024	5.60E-05	0	0.734690357	0.265309643	0
762	0.000144622	5.22E-05	0	0.734690187	0.265309813	0
763	0.00013491	4.87E-05	0	0.734690277	0.265309723	0
764	0.000125852	4.54E-05	0	0.734689827	0.265310173	0
765	0.000117413	0.0000424	0	0.734689919	0.265310081	0
766	0.000109552	3.96E-05	0	0.73469114	0.26530886	0
767	0.000102225	3.69E-05	0	0.734691149	0.265308851	0
768	9.54E-05	3.44E-05	0	0.734689995	0.265310005	0
769	8.90E-05	3.21E-05	0	0.734689751	0.265310249	0
770	8.31E-05	0.00003	0	0.734690069	0.265309931	0
771	7.75E-05	2.80E-05	0	0.73468968	0.26531032	0
772	7.23E-05	2.61E-05	0	0.734689606	0.265310394	0
773	6.75E-05	2.44E-05	0	0.734690366	0.265309634	0
774	6.29E-05	2.27E-05	0	0.73468997	0.26531003	0
775	5.87E-05	0.0000212	0	0.734689919	0.265310081	0
776	5.48E-05	1.98E-05	0	0.73468958	0.26531042	0
777	5.11E-05	1.85E-05	0	0.734689535	0.265310465	0
778	4.77E-05	1.72E-05	0	0.734689506	0.265310494	0
779	4.45E-05	1.61E-05	0	0.734690002	0.265309998	0
780	4.15E-05	0.00001499	0	0.734689796	0.265310204	0
781	3.87E-05	1.40E-05	0	0.734689542	0.265310458	0
782	3.61E-05	1.31E-05	0	0.734689065	0.265310935	0
783	3.37E-05	1.22E-05	0	0.734689565	0.265310435	0
784	3.15E-05	1.14E-05	0	0.734690875	0.265309125	0
785	2.94E-05	0.0000106	0	0.734690251	0.265309749	0
786	2.74E-05	9.89E-06	0	0.734689726	0.265310274	0
787	2.55E-05	9.22E-06	0	0.734689824	0.265310176	0
788	2.38E-05	8.59E-06	0	0.734690374	0.265309626	0
789	2.22E-05	8.01E-06	0	0.734690105	0.265309895	0
790	2.07E-05	7.47E-06	0	0.734689671	0.265310329	0
791	1.93E-05	6.96E-06	0	0.734690283	0.265309717	0
792	1.80E-05	6.49E-06	0	0.734689872	0.265310128	0
793	1.67E-05	6.05E-06	0	0.734689849	0.265310151	0
794	1.56E-05	5.64E-06	0	0.734690133	0.265309867	0
795	1.46E-05	5.26E-06	0	0.734690376	0.265309624	0
796	1.36E-05	4.90E-06	0	0.734690542	0.265309458	0
797	1.27E-05	4.57E-06	0	0.734690655	0.265309345	0
798	1.18E-05	4.26E-06	0	0.73468976	0.26531024	0
799	1.10E-05	3.97E-06	0	0.734689188	0.265310812	0
800	1.03E-05	3.70E-06	0	0.734690368	0.265309632	0
801	9.56E-06	3.45E-06	0	0.734690254	0.265309746	0
802	8.91E-06	3.22E-06	0	0.734690042	0.265309958	0
803	8.31E-06	3.00E-06	0	0.734690052	0.265309948	0
804	7.75E-06	2.80E-06	0	0.734689948	0.265310052	0
805	7.22E-06	2.61E-06	0	0.734690099	0.265309901	0
806	6.73E-06	2.43E-06	0	0.734690136	0.265309864	0
807	6.28E-06	2.27E-06	0	0.734690008	0.265309992	0
808	5.85E-06	2.11E-06	0	0.734690136	0.265309864	0
809	5.46E-06	1.97E-06	0	0.734690359	0.265309641	0
810	5.09E-06	1.84E-06	0	0.734690074	0.265309926	0
811	4.74E-06	1.71E-06	0	0.734690178	0.265309822	0
812	4.42E-06	1.60E-06	0	0.734689943	0.265310057	0
813	4.12E-06	1.49E-06	0	0.734689875	0.265310125	0
814	3.84E-06	1.39E-06	0	0.734690755	0.265309245	0
815	3.58E-06	1.29E-06	0	0.734689901	0.265310099	0
816	3.34E-06	1.21E-06	0	0.734690151	0.265309849	0
817	3.11E-06	1.12E-06	0	0.734690554	0.265309446	0
818	2.90E-06	1.05E-06	0	0.734689744	0.265310256	0
819	2.71E-06	9.77E-07	0	0.734690342	0.265309658	0
820	2.52E-06	9.11E-07	0	0.734690371	0.265309629	0
821	2.35E-06	8.49E-07	0	0.734690396	0.265309604	0
822	2.19E-06	7.92E-07	0	0.734690485	0.265309515	0
823	2.04E-06	7.38E-07	0	0.734689916	0.265310084	0
824	1.91E-06	6.88E-07	0	0.734690258	0.265309742	0
825	1.78E-06	6.42E-07	0	0.73469008	0.26530992	0
826	1.66E-06	5.98E-07	0	0.734690437	0.265309563	0
827	1.54E-06	5.58E-07	0	0.734689605	0.265310395	0
828	1.44E-06	5.20E-07	0	0.734690044	0.265309956	0
829	1.34E-06	4.85E-07	0	0.734690615	0.265309385	0
830	1.25E-06	4.52E-07	0	0.734689803	0.265310197	0
